
GENERATION	NO. OF	      BEST SCORE	      AVERAGE SCORE	      STANDARD
	       RED SEQS							      DEVIATION
-----------------------------------------------------------------------------------------
    1              2           0.496400                 0.327172               0.063439
    2              1           0.503900                 0.335075               0.062195
    3              2           0.503900                 0.340556               0.060334
    4              4           0.500700                 0.343826               0.058849
    5              3           0.503900                 0.352278               0.060671
    6              4           0.516700                 0.356960               0.059848
    7              1           0.515900                 0.363418               0.059921
    8              4           0.512200                 0.373549               0.057225
    9              1           0.558100                 0.384862               0.057981
   10              4           0.526600                 0.391691               0.056192
   11              5           0.527100                 0.395180               0.058981
   12              1           0.558100                 0.398976               0.057831
   13              5           0.558100                 0.405167               0.053544
   14              4           0.531800                 0.406617               0.053718
   15              4           0.550300                 0.407868               0.056485
   16              7           0.570300                 0.413212               0.055054
   17              3           0.570300                 0.413090               0.054657
   18              8           0.558600                 0.423740               0.051974
   19              4           0.570300                 0.425820               0.053694
   20              8           0.557200                 0.429393               0.053914
   21              8           0.570300                 0.434885               0.054801
   22              6           0.570300                 0.431226               0.052173
   23              9           0.570300                 0.434128               0.051809
   24             15           0.570300                 0.440295               0.052210
   25             12           0.570300                 0.443877               0.052352
   26              7           0.562600                 0.443175               0.051699
   27              9           0.591000                 0.448464               0.049771
   28              6           0.591000                 0.446902               0.050146
   29              7           0.591000                 0.455581               0.049348
   30             15           0.582900                 0.457568               0.051735
   31             12           0.587000                 0.463930               0.048860
   32             12           0.591000                 0.466559               0.051259
   33             21           0.591000                 0.467133               0.050988
   34             22           0.600600                 0.467667               0.052791
   35             33           0.591000                 0.473958               0.048550
   36             23           0.594600                 0.474983               0.049342
   37             37           0.614900                 0.478495               0.049263
   38             34           0.600600                 0.479079               0.048839
   39             43           0.591000                 0.483482               0.048495
   40             43           0.591000                 0.485873               0.050631
