
GENERATION	NO. OF	      BEST SCORE	      AVERAGE SCORE	      STANDARD
	       RED SEQS							      DEVIATION
-----------------------------------------------------------------------------------------
    1              9           0.498000                 0.321369               0.063138
    2             23           0.508200                 0.340586               0.071155
    3             18           0.508200                 0.337405               0.066622
    4             23           0.508200                 0.343672               0.068639
    5             21           0.508200                 0.342929               0.068145
    6             24           0.508200                 0.340578               0.069865
    7             17           0.508200                 0.338139               0.066664
    8             21           0.508200                 0.341300               0.068521
    9              8           0.505400                 0.336798               0.063495
   10             20           0.508200                 0.339636               0.067601
   11             16           0.508200                 0.337337               0.067947
   12             12           0.505400                 0.335339               0.065401
   13             12           0.505400                 0.335446               0.064876
   14             24           0.508200                 0.339864               0.070215
   15             20           0.508200                 0.339910               0.067058
   16             19           0.508200                 0.340796               0.067854
   17              8           0.505400                 0.335542               0.063351
   18             22           0.508200                 0.340692               0.069831
   19             23           0.508200                 0.340209               0.067174
   20             23           0.508200                 0.341793               0.068172
   21             11           0.505400                 0.335080               0.064904
   22             16           0.508200                 0.339984               0.067350
   23             18           0.508200                 0.340646               0.067373
   24             18           0.508200                 0.340532               0.067153
   25             22           0.508200                 0.339406               0.068346
   26             17           0.508200                 0.339829               0.067221
   27             15           0.508200                 0.338242               0.066407
   28             19           0.508200                 0.341684               0.067309
   29             13           0.505400                 0.335866               0.065491
   30             20           0.508200                 0.340868               0.067522
   31             17           0.508200                 0.340346               0.068677
   32             25           0.508200                 0.342649               0.068372
   33             13           0.505400                 0.335104               0.064226
   34             23           0.508200                 0.098765               3.804868
   35             18           0.508200                 0.338877               0.068032
   36             24           0.508200                 0.341783               0.068572
   37             25           0.508200                 0.343055               0.069395
   38             14           0.505400                 0.333994               0.064419
   39              7           0.505400                 0.336273               0.063054
   40             22           0.508200                 0.340241               0.067058
   41             19           0.508200                 0.340600               0.067961
   42             21           0.508200                 0.340557               0.069037
   43             11           0.505400                 0.335631               0.064689
   44             22           0.508200                 0.340672               0.068253
   45              8           0.505400                 0.336565               0.063248
   46              7           0.505400                 0.336356               0.063733
   47             23           0.508200                 0.340372               0.071208
   48             20           0.508200                 0.340223               0.067664
   49             19           0.505400                 0.336200               0.065459
   50             20           0.508200                 0.344159               0.066679
   51             16           0.505400                 0.334073               0.064916
   52             24           0.508200                 0.340648               0.068777
   53             24           0.508200                 0.343025               0.069145
   54             10           0.505400                 0.337488               0.063290
   55             15           0.508200                 0.339288               0.065809
   56             16           0.505400                 0.337699               0.065963
   57             19           0.508200                 0.340975               0.067195
   58             19           0.505400                 0.337888               0.064839
   59             16           0.508200                 0.339027               0.066679
   60             24           0.508200                 0.339637               0.069261
   61             17           0.508200                 0.340054               0.067326
   62             17           0.508200                 0.339431               0.068587
   63             11           0.505400                 0.335401               0.064973
   64             24           0.508200                 0.342191               0.068618
   65             13           0.505400                 0.334559               0.065384
   66             18           0.508200                 0.340052               0.067234
   67             21           0.508200                 0.342157               0.067258
   68             22           0.508200                 0.340974               0.068450
   69             23           0.508200                 0.340835               0.067971
   70             17           0.505400                 0.335381               0.064203
   71             16           0.508200                 0.337421               0.067733
   72             17           0.508200                 0.338903               0.068378
   73              8           0.505400                 0.336858               0.063429
   74             19           0.508200                 0.340108               0.068282
   75             21           0.508200                 0.340582               0.068141
   76             21           0.508200                 0.339413               0.064970
   77             17           0.505400                 0.336769               0.065149
   78             20           0.508200                 0.339645               0.066768
   79             19           0.505400                 0.337797               0.064858
   80             23           0.508200                 0.341571               0.068186
