
GENERATION	NO. OF	      BEST SCORE	      AVERAGE SCORE	      STANDARD
	       RED SEQS							      DEVIATION
-----------------------------------------------------------------------------------------
    1             10           0.573900                 0.434609               0.054203
    2             14           0.576600                 0.434188               0.053747
    3              7           0.601600                 0.440379               0.053438
    4              7           0.576900                 0.443867               0.051480
    5              6           0.583100                 0.444263               0.052523
    6              7           0.583100                 0.447987               0.048597
    7              5           0.587000                 0.451672               0.050494
    8             10           0.587000                 0.452614               0.051083
    9             10           0.605100                 0.458288               0.050840
   10              9           0.585600                 0.462277               0.049578
   11             20           0.581600                 0.464186               0.049469
   12             12           0.605100                 0.469123               0.049482
   13             17           0.594100                 0.470374               0.048730
   14             17           0.593600                 0.469230               0.048915
   15             24           0.590800                 0.472805               0.047143
   16             17           0.588900                 0.474097               0.046336
   17             17           0.625700                 0.476281               0.048481
   18             15           0.625700                 0.480139               0.048123
   19             14           0.614500                 0.481734               0.048156
   20             22           0.625700                 0.484849               0.046176
   21             31           0.633700                 0.490588               0.046285
   22             23           0.625700                 0.491896               0.047486
   23             28           0.633700                 0.495899               0.046434
   24             14           0.610000                 0.496456               0.044736
   25             24           0.610000                 0.496216               0.047231
   26             35           0.610700                 0.498492               0.045859
   27             25           0.633700                 0.499393               0.045958
   28             40           0.633700                 0.501297               0.047115
   29             47           0.633700                 0.505690               0.046201
   30             59           0.639000                 0.508965               0.045502
   31             43           0.639000                 0.509884               0.045232
   32             42           0.633700                 0.510846               0.046201
   33             51           0.633700                 0.513839               0.045540
   34             78           0.633700                 0.513087               0.046204
   35             70           0.639000                 0.517769               0.045583
   36             78           0.633700                 0.518129               0.047380
   37             90           0.633700                 0.520823               0.046697
   38            114           0.639000                 0.523574               0.047056
   39            132           0.633700                 0.523726               0.048342
   40            150           0.633700                 0.527502               0.047019
   41            161           0.639000                 0.527471               0.048827
   42            203           0.628100                 0.532135               0.046824
   43            222           0.639000                 0.533229               0.047455
   44            239           0.639000                 0.534220               0.049366
   45            263           0.639000                 0.537431               0.049779
   46            309           0.639000                 0.540853               0.049939
   47            339           0.639000                 0.544161               0.050427
   48            408           0.639000                 0.548783               0.050523
   49            448           0.639000                 0.550855               0.050861
   50            551           0.639000                 0.561534               0.049771
   51            633           0.639000                 0.566237               0.053350
   52            682           0.639000                 0.570163               0.052691
   53            742           0.639000                 0.575830               0.053758
   54            758           0.639000                 0.578692               0.056210
   55            794           0.639000                 0.584774               0.056572
   56            836           0.639000                 0.591862               0.056836
   57            875           0.639000                 0.600147               0.055985
   58            906           0.639000                 0.615681               0.048850
   59            949           0.639000                 0.629716               0.036130
   60            988           0.639000                 0.637088               0.022997
