0.1183
0.0259
0.0307999999999999
-0.1537
0.1816
-0.1068
0.1104
0.00570000000000004
0.0398
0.1506
-0.1948
-0.035
-0.0244
0.0855
0.1003
-0.0292
-0.0645
0.0152
0.0169
0.0399999999999999
0.0667
0.0262
-0.0139
0.0264
-0.0260999999999999
0.0836
-0.1529
0.0802
-0.0884
-0.2084
-0.5114
-0.1466
-0.5355
0.0104
-0.00660000000000005
-0.0223
-0.1355
-0.0504
-0.2244
-0.0687
-0.0683
-0.1136
0.00180000000000002
0.0117
-0.0144
0.0371
-0.0212
-0.0713
-0.2063
0.3123
-0.0357
0.0563
0.0117999999999999
-0.00760000000000005
0.0819
-0.0539
0.019
-0.05
-0.0317
-0.0405
0.0641
0.0139
0.0935
-0.0225
0.0309
-0.0891999999999999
-0.0181
0.00509999999999999
-0.0545
0.0511
0.0757
0.0731999999999999
-0.011
0.0257999999999999
0.045
-0.1786
-0.1029
-0.1358
0.0212
0.02
-0.00580000000000003
0.0267000000000001
0.00970000000000004
0.0842999999999999
0.0531999999999999
-0.00180000000000002
-0.00309999999999999
0.1129
-0.00790000000000002
0.0276
0.0608
-0.0563
0.0387
-0.1818
-0.0201
-0.0889
-0.0655
-0.0196000000000001
-0.0108
-0.0203
0.0561
-0.0683
-0.0101
0.0295
-0.0384
-0.0557
0.0672999999999999
0.000299999999999967
-0.083
-0.00819999999999999
-0.0279
0.24
-0.0965
0.0104
-0.1367
0.024
0.0132
-0.1285
0.0248
-0.0887
-0.0589
-0.2076
-0.2598
-0.197
0.0174
-0.0302
0.0127
0.0254
0.0488
-0.00919999999999999
-0.00680000000000003
0.0962000000000001
0.1095
-0.0608
-0.0551
-0.0125
-0.00889999999999996
-0.0398
0.00509999999999999
0.000699999999999923
0.0454
0.00239999999999996
0.0630999999999999
-0.0715
0.0374
0.1492
-0.00640000000000007
-0.0207999999999999
-0.00549999999999995
0.00970000000000004
0.0599
-0.0677
0.0991
-0.1564
0.1086
-0.0221
-0.0561
0.0344
-0.0229
0.0307
0.00650000000000001
-0.1265
-0.1726
0.0406
0.0284
0.0525
0.0406
0.0867
0.0116
0.1067
-0.0144
-0.0368
-0.0232
-0.0948
-0.1291
0.00940000000000002
-0.0201
0.0369
-0.0389
0.0376000000000001
0.0152
0.0145999999999999
-0.0106
0.0568
0.1746
-0.1737
-0.2121
0.0246999999999999
0.0204000000000001
0.0129
0.0454
-0.0315
-0.0192
-0.0279
-0.0834
-0.0775
0.0978
-0.1595
-0.0572
-0.0625
-0.021
0.0773
0.0219
-0.00919999999999999
-0.0192
0.002
-0.0238999999999999
0.1052
0.0799
0.0307
-0.0321
0.0646
-0.0323
-0.0836
-0.2108
0.0799
0.0199
-0.0117999999999999
0.002
-0.0578
-0.00650000000000001
0.038
-0.0418
-0.215
0.00579999999999997
0.0608000000000001
0.0168
0.0747
0.0750999999999999
-0.0465
-0.0724
0.326
-0.0124
-0.0525
-0.159
-0.00789999999999996
0.1131
0.0214
0.0331
0.0888
0.0308
0.0817
0.0710000000000001
-0.0186
0.0181
-0.0302
0.2511
0.0898
-0.0379
0.171
0.0115
0.1638
0.0055
0.0177
0.0875999999999999
0.000599999999999989
-0.0403
0.0137
0.00950000000000001
0.0139
-0.012
0.1665
0.0254
-0.0296
-0.032
-0.0433
-0.0575
0.204
-0.0281
-0.00390000000000001
-0.0153
-0.0204
0.000599999999999989
0.0155
-0.00770000000000004
-0.0157
0.0504
-0.1391
0.0616
0.00170000000000003
-0.2036
-0.0015
-0.1942
0.0145999999999999
0.00910000000000005
0.0341
-0.000100000000000044
-0.0254
0.0986
0.0973999999999999
0.1296
0.0983000000000001
0.036
0.0519
-0.0162
-0.0778
-0.037
-0.0374
-0.038
0.0249
0.0071
0.0615000000000001
0.0453
0.0182
0.0342
-0.00470000000000004
0.0806
0.1233
-0.175
0.1105
-0.00430000000000003
-0.032
-0.00640000000000002
-0.00280000000000002
0.0195
-0.0111
-0.00170000000000003
0.00479999999999997
-0.00270000000000004
-0.002
-0.00729999999999997
0.00159999999999999
-0.00429999999999997
-0.0035
-0.00290000000000001
-0.00680000000000003
-0.0333
0.0129
0.00729999999999997
0.0908
-0.0439999999999999
0.0251
-0.1048
0.1355
-0.0104000000000001
-0.087
-0.0123
0.0992000000000001
-0.0341999999999999
0.0497
0.0118
0.0367
0.0466
-0.00509999999999999
-0.0211
0.0649999999999999
-0.1009
0.1127
0.00769999999999998
0.0676
-0.0557
-0.0201
0.00649999999999995
0.202
0.0235000000000001
-0.00880000000000003
-0.041
0.0682
0.0352
-0.1216
0.0362
0.0891999999999999
0.0666
0.0302
0.00309999999999999
-0.0176
-0.0655
0.2278
-0.0174
-0.0343
0.0192
0.0563
-0.00590000000000002
-0.0156
-0.0402
0.0212
-0.0394
-0.0456
0.1041
-0.0135
-0.0349
0.1333
0.0192
0.0583
0.0132
-0.0512
-0.0374000000000001
0.1064
-0.0117
0.1731
0.0264
0.0305
0.0820000000000001
-0.026
-0.0375
0.0168
-0.0232
-0.1441
0.011
0.2
0.00119999999999998
-0.0163000000000001
0.1106
-0.0363
-0.0174
-0.0877
-0.1147
-0.1327
-0.0456
0.00229999999999997
-0.00599999999999995
-0.0494
0.00770000000000004
-0.0213
0
-0.00329999999999997
0.0176
0.0183
0.0508999999999999
-0.0445
-0.043
-0.1086
0.0234
0.0264
0.0438
-0.0256
-0.0594
0.0338000000000001
-0.0091
0.0690000000000001
0.0837
-0.011
-0.00309999999999999
-0.0838
0.2492
-0.0155999999999999
0.1133
-0.0590000000000001
-0.0529
0.156
0.0856
-0.0218
-0.0641999999999999
-0.0194
0.0214
-0.1114
-0.00570000000000004
-0.1247
0.1228
0.1009
0.0191
-0.0154
-0.1568
-0.0827000000000001
0.1607
0.0826
0.0944
0.0138
0.1347
-0.0666
-0.0146000000000001
-0.0573
0.0109
0.0557
-0.018
0.1105
-0.1187
-0.1494
-0.0923999999999999
-0.1455
0.0481
0.0677
-0.0242
-0.0914
0.0291
-0.0187999999999999
0.2099
-0.0823
0.0162
0.0864
