0.0005_10gen.bars
---------------
   10             10            0.561700            0.405035            0.056475
   20              7            0.569600            0.451535            0.046886
   30              8            0.592000            0.478349            0.041331
   40            104            0.621100            0.520054            0.038213
   50            357            0.621100            0.565451            0.032385
   70            497            0.627300            0.621537            0.006117

---------------
0.0005_1gen.bars
---------------
    1              3            0.575800            0.415111            0.050512
    2              6            0.575800            0.418023            0.049878
    3              6            0.575800            0.422595            0.050841
    4              4            0.575800            0.428419            0.051154
    5              9            0.575800            0.437581            0.050545
    6              6            0.575800            0.438554            0.049496
    7              4            0.582000            0.440617            0.050576
    8              4            0.582000            0.450521            0.048447
    9              7            0.582000            0.452686            0.046684
   10             11            0.582000            0.460771            0.046719
   11              9            0.594400            0.465583            0.046182
   12             12            0.594400            0.471818            0.044553
   13             12            0.594400            0.476348            0.046234
   14             22            0.596600            0.480441            0.044418
   15             16            0.605600            0.483325            0.044868
   16             30            0.605600            0.488131            0.045648
   17             19            0.605600            0.492430            0.043839
   18             28            0.605600            0.502538            0.041217
   19             44            0.617900            0.504600            0.041114
   20             49            0.617900            0.505714            0.039913
   21             48            0.617900            0.507011            0.040278
   22             44            0.617900            0.511695            0.039559
   23             62            0.617900            0.515824            0.037779
   24             84            0.617900            0.517560            0.039999
   25            104            0.617900            0.523814            0.039132
   26            118            0.617900            0.528941            0.036267
   27            127            0.617900            0.529480            0.040352
   28            157            0.617900            0.533610            0.039561
   29            179            0.617900            0.537718            0.039330
   30            172            0.617900            0.534944            0.040969
   31            204            0.617900            0.540720            0.039661
   32            212            0.617900            0.544504            0.041114
   33            215            0.617900            0.545694            0.041619
   34            242            0.617900            0.549860            0.041888
   35            270            0.617900            0.552347            0.042815
   36            268            0.617900            0.553831            0.041615
   37            296            0.617900            0.557838            0.042823
   38            326            0.617900            0.565832            0.041556
   39            354            0.617900            0.572996            0.045410
   40            399            0.617900            0.588972            0.040520
   41            440            0.617900            0.602767            0.033945
   42            480            0.617900            0.614622            0.016571
   43            499            0.617900            0.617900            0.000000

---------------
0.0005_random.bars
---------------
    1              2            0.494500            0.318052            0.057923
    2              5            0.494500            0.334524            0.055313
    3              4            0.499200            0.340715            0.057978
    4              2            0.499200            0.346905            0.053996
    5              6            0.499500            0.351493            0.056853
    6              1            0.507000            0.355004            0.058119
    7              0            0.514400            0.363831            0.056282
    8              0            0.514400            0.363136            0.055115
    9              1            0.514400            0.371218            0.054242
   10              2            0.539200            0.377556            0.055145
   11              1            0.539200            0.385608            0.052628
   12              2            0.585000            0.392707            0.051694
   13              1            0.585000            0.395344            0.053857
   14              3            0.585000            0.401277            0.052164
   15              5            0.585000            0.404393            0.053194
   16              2            0.585000            0.410190            0.053307
   17              3            0.585000            0.414223            0.051386
   18              2            0.585000            0.418220            0.050695
   19              2            0.585000            0.422394            0.051309
   20              3            0.585000            0.425569            0.050004
   21              6            0.585000            0.429424            0.053064
   22              6            0.585000            0.433761            0.049919
   23              3            0.585000            0.437833            0.050018
   24              3            0.585000            0.438663            0.049450
   25              5            0.585000            0.444445            0.047638
   26              6            0.585000            0.448580            0.047290
   27              4            0.585000            0.453205            0.044215
   28              7            0.592600            0.456327            0.045773
   29              9            0.592600            0.457756            0.046875
   30              5            0.592600            0.459537            0.050392
   31              7            0.592600            0.464772            0.049136
   32              8            0.592600            0.470870            0.046243
   33             13            0.592600            0.476137            0.044730
   34             13            0.592600            0.474366            0.044343
   35             14            0.592600            0.482820            0.044959
   36             10            0.603400            0.481890            0.045998
   37             18            0.603400            0.488448            0.043558
   38             24            0.603400            0.493962            0.043538
   39             39            0.603400            0.498606            0.043193
   40             26            0.615900            0.499543            0.041145
   41             38            0.615900            0.501867            0.043777
   42             37            0.615900            0.506104            0.039915
   43             48            0.615900            0.506207            0.040418
   44             43            0.628400            0.510411            0.038269
   45             61            0.628400            0.516756            0.036797
   46             76            0.628400            0.519702            0.038277
   47            100            0.628400            0.522786            0.037804
   48            115            0.628400            0.522348            0.040312
   49            186            0.628400            0.533586            0.042335
   50            249            0.628400            0.545231            0.039941
   51            333            0.628400            0.563190            0.036854
   52            397            0.628400            0.575614            0.032039
   53            445            0.628400            0.585785            0.025666
   54            475            0.628400            0.593202            0.022331
   55            483            0.628400            0.600679            0.019044
   56            484            0.628400            0.602123            0.024010
   57            489            0.628400            0.606857            0.025053
   58            492            0.628400            0.612151            0.024132
   59            494            0.628400            0.621048            0.017976
   60            495            0.628400            0.625978            0.011659
   61            496            0.628400            0.628103            0.004328
   62            499            0.628400            0.628400            0.000000
   63            499            0.628400            0.628400            0.000000
   64            499            0.628400            0.628400            0.000000
   65            499            0.628400            0.628400            0.000000

---------------
